Cadeia: 1 8 10 23 8 10 19 11 23 2 10 19 10 6 2 10 19 10 6 2 11 19 10 6 10 19 11 23 10 19 11 23 3 10 19 10 6 9 5 10 19 11 23 4 4 4 4 7 11 23 33 

Stack=[0 ]
Fita=[1 8 10 23 8 10 19 11 23 2 10 19 10 6 2 10 19 10 6 2 11 19 10 6 10 19 11 23 10 19 11 23 3 10 19 10 6 9 5 10 19 11 23 4 4 4 4 7 11 23 33 ]
[0] [1] = 1
Shift!

Stack=[0 1 1 ]
Fita=[8 10 23 8 10 19 11 23 2 10 19 10 6 2 10 19 10 6 2 11 19 10 6 10 19 11 23 10 19 11 23 3 10 19 10 6 9 5 10 19 11 23 4 4 4 4 7 11 23 33 ]
[1] [8] = 5
Shift!

Stack=[0 1 1 8 5 ]
Fita=[10 23 8 10 19 11 23 2 10 19 10 6 2 10 19 10 6 2 11 19 10 6 10 19 11 23 10 19 11 23 3 10 19 10 6 9 5 10 19 11 23 4 4 4 4 7 11 23 33 ]
[5] [10] = 4
Shift!

Stack=[0 1 1 8 5 10 4 ]
Fita=[23 8 10 19 11 23 2 10 19 10 6 2 10 19 10 6 2 11 19 10 6 10 19 11 23 10 19 11 23 3 10 19 10 6 9 5 10 19 11 23 4 4 4 4 7 11 23 33 ]
[4] [23] = 910
Reduce na produção: 10 de tamanho: 1!
[5] [27] = 17

Stack=[0 1 1 8 5 27 17 ]
Fita=[23 8 10 19 11 23 2 10 19 10 6 2 10 19 10 6 2 11 19 10 6 10 19 11 23 10 19 11 23 3 10 19 10 6 9 5 10 19 11 23 4 4 4 4 7 11 23 33 ]
[17] [23] = 32
Shift!

Stack=[0 1 1 8 5 27 17 23 32 ]
Fita=[8 10 19 11 23 2 10 19 10 6 2 10 19 10 6 2 11 19 10 6 10 19 11 23 10 19 11 23 3 10 19 10 6 9 5 10 19 11 23 4 4 4 4 7 11 23 33 ]
[32] [8] = 5
Shift!

Stack=[0 1 1 8 5 27 17 23 32 8 5 ]
Fita=[10 19 11 23 2 10 19 10 6 2 10 19 10 6 2 11 19 10 6 10 19 11 23 10 19 11 23 3 10 19 10 6 9 5 10 19 11 23 4 4 4 4 7 11 23 33 ]
[5] [10] = 4
Shift!

Stack=[0 1 1 8 5 27 17 23 32 8 5 10 4 ]
Fita=[19 11 23 2 10 19 10 6 2 10 19 10 6 2 11 19 10 6 10 19 11 23 10 19 11 23 3 10 19 10 6 9 5 10 19 11 23 4 4 4 4 7 11 23 33 ]
[4] [19] = 910
Reduce na produção: 10 de tamanho: 1!
[5] [27] = 17

Stack=[0 1 1 8 5 27 17 23 32 8 5 27 17 ]
Fita=[19 11 23 2 10 19 10 6 2 10 19 10 6 2 11 19 10 6 10 19 11 23 10 19 11 23 3 10 19 10 6 9 5 10 19 11 23 4 4 4 4 7 11 23 33 ]
[17] [19] = 33
Shift!

Stack=[0 1 1 8 5 27 17 23 32 8 5 27 17 19 33 ]
Fita=[11 23 2 10 19 10 6 2 10 19 10 6 2 11 19 10 6 10 19 11 23 10 19 11 23 3 10 19 10 6 9 5 10 19 11 23 4 4 4 4 7 11 23 33 ]
[33] [11] = 9
Shift!

Stack=[0 1 1 8 5 27 17 23 32 8 5 27 17 19 33 11 9 ]
Fita=[23 2 10 19 10 6 2 10 19 10 6 2 11 19 10 6 10 19 11 23 10 19 11 23 3 10 19 10 6 9 5 10 19 11 23 4 4 4 4 7 11 23 33 ]
[9] [23] = 98
Reduce na produção: 8 de tamanho: 1!
[33] [26] = 11

Stack=[0 1 1 8 5 27 17 23 32 8 5 27 17 19 33 26 11 ]
Fita=[23 2 10 19 10 6 2 10 19 10 6 2 11 19 10 6 10 19 11 23 10 19 11 23 3 10 19 10 6 9 5 10 19 11 23 4 4 4 4 7 11 23 33 ]
[11] [23] = 926
Reduce na produção: 26 de tamanho: 1!
[33] [32] = 15

Stack=[0 1 1 8 5 27 17 23 32 8 5 27 17 19 33 32 15 ]
Fita=[23 2 10 19 10 6 2 10 19 10 6 2 11 19 10 6 10 19 11 23 10 19 11 23 3 10 19 10 6 9 5 10 19 11 23 4 4 4 4 7 11 23 33 ]
[15] [23] = 916
Reduce na produção: 16 de tamanho: 1!
[33] [28] = 51

Stack=[0 1 1 8 5 27 17 23 32 8 5 27 17 19 33 28 51 ]
Fita=[23 2 10 19 10 6 2 10 19 10 6 2 11 19 10 6 10 19 11 23 10 19 11 23 3 10 19 10 6 9 5 10 19 11 23 4 4 4 4 7 11 23 33 ]
[51] [23] = 57
Shift!

Stack=[0 1 1 8 5 27 17 23 32 8 5 27 17 19 33 28 51 23 57 ]
Fita=[2 10 19 10 6 2 10 19 10 6 2 11 19 10 6 10 19 11 23 10 19 11 23 3 10 19 10 6 9 5 10 19 11 23 4 4 4 4 7 11 23 33 ]
[57] [2] = 6
Shift!

Stack=[0 1 1 8 5 27 17 23 32 8 5 27 17 19 33 28 51 23 57 2 6 ]
Fita=[10 19 10 6 2 10 19 10 6 2 11 19 10 6 10 19 11 23 10 19 11 23 3 10 19 10 6 9 5 10 19 11 23 4 4 4 4 7 11 23 33 ]
[6] [10] = 4
Shift!

Stack=[0 1 1 8 5 27 17 23 32 8 5 27 17 19 33 28 51 23 57 2 6 10 4 ]
Fita=[19 10 6 2 10 19 10 6 2 11 19 10 6 10 19 11 23 10 19 11 23 3 10 19 10 6 9 5 10 19 11 23 4 4 4 4 7 11 23 33 ]
[4] [19] = 910
Reduce na produção: 10 de tamanho: 1!
[6] [27] = 12

Stack=[0 1 1 8 5 27 17 23 32 8 5 27 17 19 33 28 51 23 57 2 6 27 12 ]
Fita=[19 10 6 2 10 19 10 6 2 11 19 10 6 10 19 11 23 10 19 11 23 3 10 19 10 6 9 5 10 19 11 23 4 4 4 4 7 11 23 33 ]
[12] [19] = 927
Reduce na produção: 27 de tamanho: 1!
[6] [32] = 15

Stack=[0 1 1 8 5 27 17 23 32 8 5 27 17 19 33 28 51 23 57 2 6 32 15 ]
Fita=[19 10 6 2 10 19 10 6 2 11 19 10 6 10 19 11 23 10 19 11 23 3 10 19 10 6 9 5 10 19 11 23 4 4 4 4 7 11 23 33 ]
[15] [19] = 916
Reduce na produção: 16 de tamanho: 1!
[6] [28] = 13

Stack=[0 1 1 8 5 27 17 23 32 8 5 27 17 19 33 28 51 23 57 2 6 28 13 ]
Fita=[19 10 6 2 10 19 10 6 2 11 19 10 6 10 19 11 23 10 19 11 23 3 10 19 10 6 9 5 10 19 11 23 4 4 4 4 7 11 23 33 ]
[13] [19] = 28
Shift!

Stack=[0 1 1 8 5 27 17 23 32 8 5 27 17 19 33 28 51 23 57 2 6 28 13 19 28 ]
Fita=[10 6 2 10 19 10 6 2 11 19 10 6 10 19 11 23 10 19 11 23 3 10 19 10 6 9 5 10 19 11 23 4 4 4 4 7 11 23 33 ]
[28] [10] = 4
Shift!

Stack=[0 1 1 8 5 27 17 23 32 8 5 27 17 19 33 28 51 23 57 2 6 28 13 19 28 10 4 ]
Fita=[6 2 10 19 10 6 2 11 19 10 6 10 19 11 23 10 19 11 23 3 10 19 10 6 9 5 10 19 11 23 4 4 4 4 7 11 23 33 ]
[4] [6] = 910
Reduce na produção: 10 de tamanho: 1!
[28] [27] = 12

Stack=[0 1 1 8 5 27 17 23 32 8 5 27 17 19 33 28 51 23 57 2 6 28 13 19 28 27 12 ]
Fita=[6 2 10 19 10 6 2 11 19 10 6 10 19 11 23 10 19 11 23 3 10 19 10 6 9 5 10 19 11 23 4 4 4 4 7 11 23 33 ]
[12] [6] = 927
Reduce na produção: 27 de tamanho: 1!
[28] [32] = 15

Stack=[0 1 1 8 5 27 17 23 32 8 5 27 17 19 33 28 51 23 57 2 6 28 13 19 28 32 15 ]
Fita=[6 2 10 19 10 6 2 11 19 10 6 10 19 11 23 10 19 11 23 3 10 19 10 6 9 5 10 19 11 23 4 4 4 4 7 11 23 33 ]
[15] [6] = 916
Reduce na produção: 16 de tamanho: 1!
[28] [28] = 43

Stack=[0 1 1 8 5 27 17 23 32 8 5 27 17 19 33 28 51 23 57 2 6 28 13 19 28 28 43 ]
Fita=[6 2 10 19 10 6 2 11 19 10 6 10 19 11 23 10 19 11 23 3 10 19 10 6 9 5 10 19 11 23 4 4 4 4 7 11 23 33 ]
[43] [6] = 917
Reduce na produção: 17 de tamanho: 3!
[6] [29] = 18

Stack=[0 1 1 8 5 27 17 23 32 8 5 27 17 19 33 28 51 23 57 2 6 29 18 ]
Fita=[6 2 10 19 10 6 2 11 19 10 6 10 19 11 23 10 19 11 23 3 10 19 10 6 9 5 10 19 11 23 4 4 4 4 7 11 23 33 ]
[18] [6] = 34
Shift!

Stack=[0 1 1 8 5 27 17 23 32 8 5 27 17 19 33 28 51 23 57 2 6 29 18 6 34 ]
Fita=[2 10 19 10 6 2 11 19 10 6 10 19 11 23 10 19 11 23 3 10 19 10 6 9 5 10 19 11 23 4 4 4 4 7 11 23 33 ]
[34] [2] = 6
Shift!

Stack=[0 1 1 8 5 27 17 23 32 8 5 27 17 19 33 28 51 23 57 2 6 29 18 6 34 2 6 ]
Fita=[10 19 10 6 2 11 19 10 6 10 19 11 23 10 19 11 23 3 10 19 10 6 9 5 10 19 11 23 4 4 4 4 7 11 23 33 ]
[6] [10] = 4
Shift!

Stack=[0 1 1 8 5 27 17 23 32 8 5 27 17 19 33 28 51 23 57 2 6 29 18 6 34 2 6 10 4 ]
Fita=[19 10 6 2 11 19 10 6 10 19 11 23 10 19 11 23 3 10 19 10 6 9 5 10 19 11 23 4 4 4 4 7 11 23 33 ]
[4] [19] = 910
Reduce na produção: 10 de tamanho: 1!
[6] [27] = 12

Stack=[0 1 1 8 5 27 17 23 32 8 5 27 17 19 33 28 51 23 57 2 6 29 18 6 34 2 6 27 12 ]
Fita=[19 10 6 2 11 19 10 6 10 19 11 23 10 19 11 23 3 10 19 10 6 9 5 10 19 11 23 4 4 4 4 7 11 23 33 ]
[12] [19] = 927
Reduce na produção: 27 de tamanho: 1!
[6] [32] = 15

Stack=[0 1 1 8 5 27 17 23 32 8 5 27 17 19 33 28 51 23 57 2 6 29 18 6 34 2 6 32 15 ]
Fita=[19 10 6 2 11 19 10 6 10 19 11 23 10 19 11 23 3 10 19 10 6 9 5 10 19 11 23 4 4 4 4 7 11 23 33 ]
[15] [19] = 916
Reduce na produção: 16 de tamanho: 1!
[6] [28] = 13

Stack=[0 1 1 8 5 27 17 23 32 8 5 27 17 19 33 28 51 23 57 2 6 29 18 6 34 2 6 28 13 ]
Fita=[19 10 6 2 11 19 10 6 10 19 11 23 10 19 11 23 3 10 19 10 6 9 5 10 19 11 23 4 4 4 4 7 11 23 33 ]
[13] [19] = 28
Shift!

Stack=[0 1 1 8 5 27 17 23 32 8 5 27 17 19 33 28 51 23 57 2 6 29 18 6 34 2 6 28 13 19 28 ]
Fita=[10 6 2 11 19 10 6 10 19 11 23 10 19 11 23 3 10 19 10 6 9 5 10 19 11 23 4 4 4 4 7 11 23 33 ]
[28] [10] = 4
Shift!

Stack=[0 1 1 8 5 27 17 23 32 8 5 27 17 19 33 28 51 23 57 2 6 29 18 6 34 2 6 28 13 19 28 10 4 ]
Fita=[6 2 11 19 10 6 10 19 11 23 10 19 11 23 3 10 19 10 6 9 5 10 19 11 23 4 4 4 4 7 11 23 33 ]
[4] [6] = 910
Reduce na produção: 10 de tamanho: 1!
[28] [27] = 12

Stack=[0 1 1 8 5 27 17 23 32 8 5 27 17 19 33 28 51 23 57 2 6 29 18 6 34 2 6 28 13 19 28 27 12 ]
Fita=[6 2 11 19 10 6 10 19 11 23 10 19 11 23 3 10 19 10 6 9 5 10 19 11 23 4 4 4 4 7 11 23 33 ]
[12] [6] = 927
Reduce na produção: 27 de tamanho: 1!
[28] [32] = 15

Stack=[0 1 1 8 5 27 17 23 32 8 5 27 17 19 33 28 51 23 57 2 6 29 18 6 34 2 6 28 13 19 28 32 15 ]
Fita=[6 2 11 19 10 6 10 19 11 23 10 19 11 23 3 10 19 10 6 9 5 10 19 11 23 4 4 4 4 7 11 23 33 ]
[15] [6] = 916
Reduce na produção: 16 de tamanho: 1!
[28] [28] = 43

Stack=[0 1 1 8 5 27 17 23 32 8 5 27 17 19 33 28 51 23 57 2 6 29 18 6 34 2 6 28 13 19 28 28 43 ]
Fita=[6 2 11 19 10 6 10 19 11 23 10 19 11 23 3 10 19 10 6 9 5 10 19 11 23 4 4 4 4 7 11 23 33 ]
[43] [6] = 917
Reduce na produção: 17 de tamanho: 3!
[6] [29] = 18

Stack=[0 1 1 8 5 27 17 23 32 8 5 27 17 19 33 28 51 23 57 2 6 29 18 6 34 2 6 29 18 ]
Fita=[6 2 11 19 10 6 10 19 11 23 10 19 11 23 3 10 19 10 6 9 5 10 19 11 23 4 4 4 4 7 11 23 33 ]
[18] [6] = 34
Shift!

Stack=[0 1 1 8 5 27 17 23 32 8 5 27 17 19 33 28 51 23 57 2 6 29 18 6 34 2 6 29 18 6 34 ]
Fita=[2 11 19 10 6 10 19 11 23 10 19 11 23 3 10 19 10 6 9 5 10 19 11 23 4 4 4 4 7 11 23 33 ]
[34] [2] = 6
Shift!

Stack=[0 1 1 8 5 27 17 23 32 8 5 27 17 19 33 28 51 23 57 2 6 29 18 6 34 2 6 29 18 6 34 2 6 ]
Fita=[11 19 10 6 10 19 11 23 10 19 11 23 3 10 19 10 6 9 5 10 19 11 23 4 4 4 4 7 11 23 33 ]
[6] [11] = 9
Shift!

Stack=[0 1 1 8 5 27 17 23 32 8 5 27 17 19 33 28 51 23 57 2 6 29 18 6 34 2 6 29 18 6 34 2 6 11 9 ]
Fita=[19 10 6 10 19 11 23 10 19 11 23 3 10 19 10 6 9 5 10 19 11 23 4 4 4 4 7 11 23 33 ]
[9] [19] = 98
Reduce na produção: 8 de tamanho: 1!
[6] [26] = 11

Stack=[0 1 1 8 5 27 17 23 32 8 5 27 17 19 33 28 51 23 57 2 6 29 18 6 34 2 6 29 18 6 34 2 6 26 11 ]
Fita=[19 10 6 10 19 11 23 10 19 11 23 3 10 19 10 6 9 5 10 19 11 23 4 4 4 4 7 11 23 33 ]
[11] [19] = 926
Reduce na produção: 26 de tamanho: 1!
[6] [32] = 15

Stack=[0 1 1 8 5 27 17 23 32 8 5 27 17 19 33 28 51 23 57 2 6 29 18 6 34 2 6 29 18 6 34 2 6 32 15 ]
Fita=[19 10 6 10 19 11 23 10 19 11 23 3 10 19 10 6 9 5 10 19 11 23 4 4 4 4 7 11 23 33 ]
[15] [19] = 916
Reduce na produção: 16 de tamanho: 1!
[6] [28] = 13

Stack=[0 1 1 8 5 27 17 23 32 8 5 27 17 19 33 28 51 23 57 2 6 29 18 6 34 2 6 29 18 6 34 2 6 28 13 ]
Fita=[19 10 6 10 19 11 23 10 19 11 23 3 10 19 10 6 9 5 10 19 11 23 4 4 4 4 7 11 23 33 ]
[13] [19] = 28
Shift!

Stack=[0 1 1 8 5 27 17 23 32 8 5 27 17 19 33 28 51 23 57 2 6 29 18 6 34 2 6 29 18 6 34 2 6 28 13 19 28 ]
Fita=[10 6 10 19 11 23 10 19 11 23 3 10 19 10 6 9 5 10 19 11 23 4 4 4 4 7 11 23 33 ]
[28] [10] = 4
Shift!

Stack=[0 1 1 8 5 27 17 23 32 8 5 27 17 19 33 28 51 23 57 2 6 29 18 6 34 2 6 29 18 6 34 2 6 28 13 19 28 10 4 ]
Fita=[6 10 19 11 23 10 19 11 23 3 10 19 10 6 9 5 10 19 11 23 4 4 4 4 7 11 23 33 ]
[4] [6] = 910
Reduce na produção: 10 de tamanho: 1!
[28] [27] = 12

Stack=[0 1 1 8 5 27 17 23 32 8 5 27 17 19 33 28 51 23 57 2 6 29 18 6 34 2 6 29 18 6 34 2 6 28 13 19 28 27 12 ]
Fita=[6 10 19 11 23 10 19 11 23 3 10 19 10 6 9 5 10 19 11 23 4 4 4 4 7 11 23 33 ]
[12] [6] = 927
Reduce na produção: 27 de tamanho: 1!
[28] [32] = 15

Stack=[0 1 1 8 5 27 17 23 32 8 5 27 17 19 33 28 51 23 57 2 6 29 18 6 34 2 6 29 18 6 34 2 6 28 13 19 28 32 15 ]
Fita=[6 10 19 11 23 10 19 11 23 3 10 19 10 6 9 5 10 19 11 23 4 4 4 4 7 11 23 33 ]
[15] [6] = 916
Reduce na produção: 16 de tamanho: 1!
[28] [28] = 43

Stack=[0 1 1 8 5 27 17 23 32 8 5 27 17 19 33 28 51 23 57 2 6 29 18 6 34 2 6 29 18 6 34 2 6 28 13 19 28 28 43 ]
Fita=[6 10 19 11 23 10 19 11 23 3 10 19 10 6 9 5 10 19 11 23 4 4 4 4 7 11 23 33 ]
[43] [6] = 917
Reduce na produção: 17 de tamanho: 3!
[6] [29] = 18

Stack=[0 1 1 8 5 27 17 23 32 8 5 27 17 19 33 28 51 23 57 2 6 29 18 6 34 2 6 29 18 6 34 2 6 29 18 ]
Fita=[6 10 19 11 23 10 19 11 23 3 10 19 10 6 9 5 10 19 11 23 4 4 4 4 7 11 23 33 ]
[18] [6] = 34
Shift!

Stack=[0 1 1 8 5 27 17 23 32 8 5 27 17 19 33 28 51 23 57 2 6 29 18 6 34 2 6 29 18 6 34 2 6 29 18 6 34 ]
Fita=[10 19 11 23 10 19 11 23 3 10 19 10 6 9 5 10 19 11 23 4 4 4 4 7 11 23 33 ]
[34] [10] = 4
Shift!

Stack=[0 1 1 8 5 27 17 23 32 8 5 27 17 19 33 28 51 23 57 2 6 29 18 6 34 2 6 29 18 6 34 2 6 29 18 6 34 10 4 ]
Fita=[19 11 23 10 19 11 23 3 10 19 10 6 9 5 10 19 11 23 4 4 4 4 7 11 23 33 ]
[4] [19] = 910
Reduce na produção: 10 de tamanho: 1!
[34] [27] = 8

Stack=[0 1 1 8 5 27 17 23 32 8 5 27 17 19 33 28 51 23 57 2 6 29 18 6 34 2 6 29 18 6 34 2 6 29 18 6 34 27 8 ]
Fita=[19 11 23 10 19 11 23 3 10 19 10 6 9 5 10 19 11 23 4 4 4 4 7 11 23 33 ]
[8] [19] = 20
Shift!

Stack=[0 1 1 8 5 27 17 23 32 8 5 27 17 19 33 28 51 23 57 2 6 29 18 6 34 2 6 29 18 6 34 2 6 29 18 6 34 27 8 19 20 ]
Fita=[11 23 10 19 11 23 3 10 19 10 6 9 5 10 19 11 23 4 4 4 4 7 11 23 33 ]
[20] [11] = 9
Shift!

Stack=[0 1 1 8 5 27 17 23 32 8 5 27 17 19 33 28 51 23 57 2 6 29 18 6 34 2 6 29 18 6 34 2 6 29 18 6 34 27 8 19 20 11 9 ]
Fita=[23 10 19 11 23 3 10 19 10 6 9 5 10 19 11 23 4 4 4 4 7 11 23 33 ]
[9] [23] = 98
Reduce na produção: 8 de tamanho: 1!
[20] [26] = 11

Stack=[0 1 1 8 5 27 17 23 32 8 5 27 17 19 33 28 51 23 57 2 6 29 18 6 34 2 6 29 18 6 34 2 6 29 18 6 34 27 8 19 20 26 11 ]
Fita=[23 10 19 11 23 3 10 19 10 6 9 5 10 19 11 23 4 4 4 4 7 11 23 33 ]
[11] [23] = 926
Reduce na produção: 26 de tamanho: 1!
[20] [32] = 15

Stack=[0 1 1 8 5 27 17 23 32 8 5 27 17 19 33 28 51 23 57 2 6 29 18 6 34 2 6 29 18 6 34 2 6 29 18 6 34 27 8 19 20 32 15 ]
Fita=[23 10 19 11 23 3 10 19 10 6 9 5 10 19 11 23 4 4 4 4 7 11 23 33 ]
[15] [23] = 916
Reduce na produção: 16 de tamanho: 1!
[20] [28] = 36

Stack=[0 1 1 8 5 27 17 23 32 8 5 27 17 19 33 28 51 23 57 2 6 29 18 6 34 2 6 29 18 6 34 2 6 29 18 6 34 27 8 19 20 28 36 ]
Fita=[23 10 19 11 23 3 10 19 10 6 9 5 10 19 11 23 4 4 4 4 7 11 23 33 ]
[36] [23] = 54
Shift!

Stack=[0 1 1 8 5 27 17 23 32 8 5 27 17 19 33 28 51 23 57 2 6 29 18 6 34 2 6 29 18 6 34 2 6 29 18 6 34 27 8 19 20 28 36 23 54 ]
Fita=[10 19 11 23 3 10 19 10 6 9 5 10 19 11 23 4 4 4 4 7 11 23 33 ]
[54] [10] = 4
Shift!

Stack=[0 1 1 8 5 27 17 23 32 8 5 27 17 19 33 28 51 23 57 2 6 29 18 6 34 2 6 29 18 6 34 2 6 29 18 6 34 27 8 19 20 28 36 23 54 10 4 ]
Fita=[19 11 23 3 10 19 10 6 9 5 10 19 11 23 4 4 4 4 7 11 23 33 ]
[4] [19] = 910
Reduce na produção: 10 de tamanho: 1!
[54] [27] = 8

Stack=[0 1 1 8 5 27 17 23 32 8 5 27 17 19 33 28 51 23 57 2 6 29 18 6 34 2 6 29 18 6 34 2 6 29 18 6 34 27 8 19 20 28 36 23 54 27 8 ]
Fita=[19 11 23 3 10 19 10 6 9 5 10 19 11 23 4 4 4 4 7 11 23 33 ]
[8] [19] = 20
Shift!

Stack=[0 1 1 8 5 27 17 23 32 8 5 27 17 19 33 28 51 23 57 2 6 29 18 6 34 2 6 29 18 6 34 2 6 29 18 6 34 27 8 19 20 28 36 23 54 27 8 19 20 ]
Fita=[11 23 3 10 19 10 6 9 5 10 19 11 23 4 4 4 4 7 11 23 33 ]
[20] [11] = 9
Shift!

Stack=[0 1 1 8 5 27 17 23 32 8 5 27 17 19 33 28 51 23 57 2 6 29 18 6 34 2 6 29 18 6 34 2 6 29 18 6 34 27 8 19 20 28 36 23 54 27 8 19 20 11 9 ]
Fita=[23 3 10 19 10 6 9 5 10 19 11 23 4 4 4 4 7 11 23 33 ]
[9] [23] = 98
Reduce na produção: 8 de tamanho: 1!
[20] [26] = 11

Stack=[0 1 1 8 5 27 17 23 32 8 5 27 17 19 33 28 51 23 57 2 6 29 18 6 34 2 6 29 18 6 34 2 6 29 18 6 34 27 8 19 20 28 36 23 54 27 8 19 20 26 11 ]
Fita=[23 3 10 19 10 6 9 5 10 19 11 23 4 4 4 4 7 11 23 33 ]
[11] [23] = 926
Reduce na produção: 26 de tamanho: 1!
[20] [32] = 15

Stack=[0 1 1 8 5 27 17 23 32 8 5 27 17 19 33 28 51 23 57 2 6 29 18 6 34 2 6 29 18 6 34 2 6 29 18 6 34 27 8 19 20 28 36 23 54 27 8 19 20 32 15 ]
Fita=[23 3 10 19 10 6 9 5 10 19 11 23 4 4 4 4 7 11 23 33 ]
[15] [23] = 916
Reduce na produção: 16 de tamanho: 1!
[20] [28] = 36

Stack=[0 1 1 8 5 27 17 23 32 8 5 27 17 19 33 28 51 23 57 2 6 29 18 6 34 2 6 29 18 6 34 2 6 29 18 6 34 27 8 19 20 28 36 23 54 27 8 19 20 28 36 ]
Fita=[23 3 10 19 10 6 9 5 10 19 11 23 4 4 4 4 7 11 23 33 ]
[36] [23] = 54
Shift!

Stack=[0 1 1 8 5 27 17 23 32 8 5 27 17 19 33 28 51 23 57 2 6 29 18 6 34 2 6 29 18 6 34 2 6 29 18 6 34 27 8 19 20 28 36 23 54 27 8 19 20 28 36 23 54 ]
Fita=[3 10 19 10 6 9 5 10 19 11 23 4 4 4 4 7 11 23 33 ]
[54] [3] = 3
Shift!

Stack=[0 1 1 8 5 27 17 23 32 8 5 27 17 19 33 28 51 23 57 2 6 29 18 6 34 2 6 29 18 6 34 2 6 29 18 6 34 27 8 19 20 28 36 23 54 27 8 19 20 28 36 23 54 3 3 ]
Fita=[10 19 10 6 9 5 10 19 11 23 4 4 4 4 7 11 23 33 ]
[3] [10] = 4
Shift!

Stack=[0 1 1 8 5 27 17 23 32 8 5 27 17 19 33 28 51 23 57 2 6 29 18 6 34 2 6 29 18 6 34 2 6 29 18 6 34 27 8 19 20 28 36 23 54 27 8 19 20 28 36 23 54 3 3 10 4 ]
Fita=[19 10 6 9 5 10 19 11 23 4 4 4 4 7 11 23 33 ]
[4] [19] = 910
Reduce na produção: 10 de tamanho: 1!
[3] [27] = 12

Stack=[0 1 1 8 5 27 17 23 32 8 5 27 17 19 33 28 51 23 57 2 6 29 18 6 34 2 6 29 18 6 34 2 6 29 18 6 34 27 8 19 20 28 36 23 54 27 8 19 20 28 36 23 54 3 3 27 12 ]
Fita=[19 10 6 9 5 10 19 11 23 4 4 4 4 7 11 23 33 ]
[12] [19] = 927
Reduce na produção: 27 de tamanho: 1!
[3] [32] = 15

Stack=[0 1 1 8 5 27 17 23 32 8 5 27 17 19 33 28 51 23 57 2 6 29 18 6 34 2 6 29 18 6 34 2 6 29 18 6 34 27 8 19 20 28 36 23 54 27 8 19 20 28 36 23 54 3 3 32 15 ]
Fita=[19 10 6 9 5 10 19 11 23 4 4 4 4 7 11 23 33 ]
[15] [19] = 916
Reduce na produção: 16 de tamanho: 1!
[3] [28] = 13

Stack=[0 1 1 8 5 27 17 23 32 8 5 27 17 19 33 28 51 23 57 2 6 29 18 6 34 2 6 29 18 6 34 2 6 29 18 6 34 27 8 19 20 28 36 23 54 27 8 19 20 28 36 23 54 3 3 28 13 ]
Fita=[19 10 6 9 5 10 19 11 23 4 4 4 4 7 11 23 33 ]
[13] [19] = 28
Shift!

Stack=[0 1 1 8 5 27 17 23 32 8 5 27 17 19 33 28 51 23 57 2 6 29 18 6 34 2 6 29 18 6 34 2 6 29 18 6 34 27 8 19 20 28 36 23 54 27 8 19 20 28 36 23 54 3 3 28 13 19 28 ]
Fita=[10 6 9 5 10 19 11 23 4 4 4 4 7 11 23 33 ]
[28] [10] = 4
Shift!

Stack=[0 1 1 8 5 27 17 23 32 8 5 27 17 19 33 28 51 23 57 2 6 29 18 6 34 2 6 29 18 6 34 2 6 29 18 6 34 27 8 19 20 28 36 23 54 27 8 19 20 28 36 23 54 3 3 28 13 19 28 10 4 ]
Fita=[6 9 5 10 19 11 23 4 4 4 4 7 11 23 33 ]
[4] [6] = 910
Reduce na produção: 10 de tamanho: 1!
[28] [27] = 12

Stack=[0 1 1 8 5 27 17 23 32 8 5 27 17 19 33 28 51 23 57 2 6 29 18 6 34 2 6 29 18 6 34 2 6 29 18 6 34 27 8 19 20 28 36 23 54 27 8 19 20 28 36 23 54 3 3 28 13 19 28 27 12 ]
Fita=[6 9 5 10 19 11 23 4 4 4 4 7 11 23 33 ]
[12] [6] = 927
Reduce na produção: 27 de tamanho: 1!
[28] [32] = 15

Stack=[0 1 1 8 5 27 17 23 32 8 5 27 17 19 33 28 51 23 57 2 6 29 18 6 34 2 6 29 18 6 34 2 6 29 18 6 34 27 8 19 20 28 36 23 54 27 8 19 20 28 36 23 54 3 3 28 13 19 28 32 15 ]
Fita=[6 9 5 10 19 11 23 4 4 4 4 7 11 23 33 ]
[15] [6] = 916
Reduce na produção: 16 de tamanho: 1!
[28] [28] = 43

Stack=[0 1 1 8 5 27 17 23 32 8 5 27 17 19 33 28 51 23 57 2 6 29 18 6 34 2 6 29 18 6 34 2 6 29 18 6 34 27 8 19 20 28 36 23 54 27 8 19 20 28 36 23 54 3 3 28 13 19 28 28 43 ]
Fita=[6 9 5 10 19 11 23 4 4 4 4 7 11 23 33 ]
[43] [6] = 917
Reduce na produção: 17 de tamanho: 3!
[3] [29] = 14

Stack=[0 1 1 8 5 27 17 23 32 8 5 27 17 19 33 28 51 23 57 2 6 29 18 6 34 2 6 29 18 6 34 2 6 29 18 6 34 27 8 19 20 28 36 23 54 27 8 19 20 28 36 23 54 3 3 29 14 ]
Fita=[6 9 5 10 19 11 23 4 4 4 4 7 11 23 33 ]
[14] [6] = 31
Shift!

Stack=[0 1 1 8 5 27 17 23 32 8 5 27 17 19 33 28 51 23 57 2 6 29 18 6 34 2 6 29 18 6 34 2 6 29 18 6 34 27 8 19 20 28 36 23 54 27 8 19 20 28 36 23 54 3 3 29 14 6 31 ]
Fita=[9 5 10 19 11 23 4 4 4 4 7 11 23 33 ]
[31] [9] = 46
Shift!

Stack=[0 1 1 8 5 27 17 23 32 8 5 27 17 19 33 28 51 23 57 2 6 29 18 6 34 2 6 29 18 6 34 2 6 29 18 6 34 27 8 19 20 28 36 23 54 27 8 19 20 28 36 23 54 3 3 29 14 6 31 9 46 ]
Fita=[5 10 19 11 23 4 4 4 4 7 11 23 33 ]
[46] [5] = 925
Reduce na produção: 25 de tamanho: 1!
[31] [31] = 49

Stack=[0 1 1 8 5 27 17 23 32 8 5 27 17 19 33 28 51 23 57 2 6 29 18 6 34 2 6 29 18 6 34 2 6 29 18 6 34 27 8 19 20 28 36 23 54 27 8 19 20 28 36 23 54 3 3 29 14 6 31 31 49 ]
Fita=[5 10 19 11 23 4 4 4 4 7 11 23 33 ]
[49] [5] = 56
Shift!

Stack=[0 1 1 8 5 27 17 23 32 8 5 27 17 19 33 28 51 23 57 2 6 29 18 6 34 2 6 29 18 6 34 2 6 29 18 6 34 27 8 19 20 28 36 23 54 27 8 19 20 28 36 23 54 3 3 29 14 6 31 31 49 5 56 ]
Fita=[10 19 11 23 4 4 4 4 7 11 23 33 ]
[56] [10] = 4
Shift!

Stack=[0 1 1 8 5 27 17 23 32 8 5 27 17 19 33 28 51 23 57 2 6 29 18 6 34 2 6 29 18 6 34 2 6 29 18 6 34 27 8 19 20 28 36 23 54 27 8 19 20 28 36 23 54 3 3 29 14 6 31 31 49 5 56 10 4 ]
Fita=[19 11 23 4 4 4 4 7 11 23 33 ]
[4] [19] = 910
Reduce na produção: 10 de tamanho: 1!
[56] [27] = 8

Stack=[0 1 1 8 5 27 17 23 32 8 5 27 17 19 33 28 51 23 57 2 6 29 18 6 34 2 6 29 18 6 34 2 6 29 18 6 34 27 8 19 20 28 36 23 54 27 8 19 20 28 36 23 54 3 3 29 14 6 31 31 49 5 56 27 8 ]
Fita=[19 11 23 4 4 4 4 7 11 23 33 ]
[8] [19] = 20
Shift!

Stack=[0 1 1 8 5 27 17 23 32 8 5 27 17 19 33 28 51 23 57 2 6 29 18 6 34 2 6 29 18 6 34 2 6 29 18 6 34 27 8 19 20 28 36 23 54 27 8 19 20 28 36 23 54 3 3 29 14 6 31 31 49 5 56 27 8 19 20 ]
Fita=[11 23 4 4 4 4 7 11 23 33 ]
[20] [11] = 9
Shift!

Stack=[0 1 1 8 5 27 17 23 32 8 5 27 17 19 33 28 51 23 57 2 6 29 18 6 34 2 6 29 18 6 34 2 6 29 18 6 34 27 8 19 20 28 36 23 54 27 8 19 20 28 36 23 54 3 3 29 14 6 31 31 49 5 56 27 8 19 20 11 9 ]
Fita=[23 4 4 4 4 7 11 23 33 ]
[9] [23] = 98
Reduce na produção: 8 de tamanho: 1!
[20] [26] = 11

Stack=[0 1 1 8 5 27 17 23 32 8 5 27 17 19 33 28 51 23 57 2 6 29 18 6 34 2 6 29 18 6 34 2 6 29 18 6 34 27 8 19 20 28 36 23 54 27 8 19 20 28 36 23 54 3 3 29 14 6 31 31 49 5 56 27 8 19 20 26 11 ]
Fita=[23 4 4 4 4 7 11 23 33 ]
[11] [23] = 926
Reduce na produção: 26 de tamanho: 1!
[20] [32] = 15

Stack=[0 1 1 8 5 27 17 23 32 8 5 27 17 19 33 28 51 23 57 2 6 29 18 6 34 2 6 29 18 6 34 2 6 29 18 6 34 27 8 19 20 28 36 23 54 27 8 19 20 28 36 23 54 3 3 29 14 6 31 31 49 5 56 27 8 19 20 32 15 ]
Fita=[23 4 4 4 4 7 11 23 33 ]
[15] [23] = 916
Reduce na produção: 16 de tamanho: 1!
[20] [28] = 36

Stack=[0 1 1 8 5 27 17 23 32 8 5 27 17 19 33 28 51 23 57 2 6 29 18 6 34 2 6 29 18 6 34 2 6 29 18 6 34 27 8 19 20 28 36 23 54 27 8 19 20 28 36 23 54 3 3 29 14 6 31 31 49 5 56 27 8 19 20 28 36 ]
Fita=[23 4 4 4 4 7 11 23 33 ]
[36] [23] = 54
Shift!

Stack=[0 1 1 8 5 27 17 23 32 8 5 27 17 19 33 28 51 23 57 2 6 29 18 6 34 2 6 29 18 6 34 2 6 29 18 6 34 27 8 19 20 28 36 23 54 27 8 19 20 28 36 23 54 3 3 29 14 6 31 31 49 5 56 27 8 19 20 28 36 23 54 ]
Fita=[4 4 4 4 7 11 23 33 ]
[54] [4] = 96
Reduce na produção: 6 de tamanho: 0!
[54] [25] = 59

Stack=[0 1 1 8 5 27 17 23 32 8 5 27 17 19 33 28 51 23 57 2 6 29 18 6 34 2 6 29 18 6 34 2 6 29 18 6 34 27 8 19 20 28 36 23 54 27 8 19 20 28 36 23 54 3 3 29 14 6 31 31 49 5 56 27 8 19 20 28 36 23 54 25 59 ]
Fita=[4 4 4 4 7 11 23 33 ]
[59] [4] = 93
Reduce na produção: 3 de tamanho: 5!
[56] [25] = 47

Stack=[0 1 1 8 5 27 17 23 32 8 5 27 17 19 33 28 51 23 57 2 6 29 18 6 34 2 6 29 18 6 34 2 6 29 18 6 34 27 8 19 20 28 36 23 54 27 8 19 20 28 36 23 54 3 3 29 14 6 31 31 49 5 56 25 47 ]
Fita=[4 4 4 4 7 11 23 33 ]
[47] [4] = 924
Reduce na produção: 24 de tamanho: 1!
[56] [31] = 61

Stack=[0 1 1 8 5 27 17 23 32 8 5 27 17 19 33 28 51 23 57 2 6 29 18 6 34 2 6 29 18 6 34 2 6 29 18 6 34 27 8 19 20 28 36 23 54 27 8 19 20 28 36 23 54 3 3 29 14 6 31 31 49 5 56 31 61 ]
Fita=[4 4 4 4 7 11 23 33 ]
[61] [4] = 923
Reduce na produção: 23 de tamanho: 3!
[31] [30] = 48

Stack=[0 1 1 8 5 27 17 23 32 8 5 27 17 19 33 28 51 23 57 2 6 29 18 6 34 2 6 29 18 6 34 2 6 29 18 6 34 27 8 19 20 28 36 23 54 27 8 19 20 28 36 23 54 3 3 29 14 6 31 30 48 ]
Fita=[4 4 4 4 7 11 23 33 ]
[48] [4] = 55
Shift!

Stack=[0 1 1 8 5 27 17 23 32 8 5 27 17 19 33 28 51 23 57 2 6 29 18 6 34 2 6 29 18 6 34 2 6 29 18 6 34 27 8 19 20 28 36 23 54 27 8 19 20 28 36 23 54 3 3 29 14 6 31 30 48 4 55 ]
Fita=[4 4 4 7 11 23 33 ]
[55] [4] = 96
Reduce na produção: 6 de tamanho: 0!
[55] [25] = 60

Stack=[0 1 1 8 5 27 17 23 32 8 5 27 17 19 33 28 51 23 57 2 6 29 18 6 34 2 6 29 18 6 34 2 6 29 18 6 34 27 8 19 20 28 36 23 54 27 8 19 20 28 36 23 54 3 3 29 14 6 31 30 48 4 55 25 60 ]
Fita=[4 4 4 7 11 23 33 ]
[60] [4] = 94
Reduce na produção: 4 de tamanho: 6!
[54] [25] = 59

Stack=[0 1 1 8 5 27 17 23 32 8 5 27 17 19 33 28 51 23 57 2 6 29 18 6 34 2 6 29 18 6 34 2 6 29 18 6 34 27 8 19 20 28 36 23 54 27 8 19 20 28 36 23 54 25 59 ]
Fita=[4 4 4 7 11 23 33 ]
[59] [4] = 93
Reduce na produção: 3 de tamanho: 5!
[54] [25] = 59

Stack=[0 1 1 8 5 27 17 23 32 8 5 27 17 19 33 28 51 23 57 2 6 29 18 6 34 2 6 29 18 6 34 2 6 29 18 6 34 27 8 19 20 28 36 23 54 25 59 ]
Fita=[4 4 4 7 11 23 33 ]
[59] [4] = 93
Reduce na produção: 3 de tamanho: 5!
[34] [25] = 47

Stack=[0 1 1 8 5 27 17 23 32 8 5 27 17 19 33 28 51 23 57 2 6 29 18 6 34 2 6 29 18 6 34 2 6 29 18 6 34 25 47 ]
Fita=[4 4 4 7 11 23 33 ]
[47] [4] = 924
Reduce na produção: 24 de tamanho: 1!
[34] [31] = 52

Stack=[0 1 1 8 5 27 17 23 32 8 5 27 17 19 33 28 51 23 57 2 6 29 18 6 34 2 6 29 18 6 34 2 6 29 18 6 34 31 52 ]
Fita=[4 4 4 7 11 23 33 ]
[52] [4] = 58
Shift!

Stack=[0 1 1 8 5 27 17 23 32 8 5 27 17 19 33 28 51 23 57 2 6 29 18 6 34 2 6 29 18 6 34 2 6 29 18 6 34 31 52 4 58 ]
Fita=[4 4 7 11 23 33 ]
[58] [4] = 96
Reduce na produção: 6 de tamanho: 0!
[58] [25] = 63

Stack=[0 1 1 8 5 27 17 23 32 8 5 27 17 19 33 28 51 23 57 2 6 29 18 6 34 2 6 29 18 6 34 2 6 29 18 6 34 31 52 4 58 25 63 ]
Fita=[4 4 7 11 23 33 ]
[63] [4] = 95
Reduce na produção: 5 de tamanho: 6!
[34] [25] = 47

Stack=[0 1 1 8 5 27 17 23 32 8 5 27 17 19 33 28 51 23 57 2 6 29 18 6 34 2 6 29 18 6 34 25 47 ]
Fita=[4 4 7 11 23 33 ]
[47] [4] = 924
Reduce na produção: 24 de tamanho: 1!
[34] [31] = 52

Stack=[0 1 1 8 5 27 17 23 32 8 5 27 17 19 33 28 51 23 57 2 6 29 18 6 34 2 6 29 18 6 34 31 52 ]
Fita=[4 4 7 11 23 33 ]
[52] [4] = 58
Shift!

Stack=[0 1 1 8 5 27 17 23 32 8 5 27 17 19 33 28 51 23 57 2 6 29 18 6 34 2 6 29 18 6 34 31 52 4 58 ]
Fita=[4 7 11 23 33 ]
[58] [4] = 96
Reduce na produção: 6 de tamanho: 0!
[58] [25] = 63

Stack=[0 1 1 8 5 27 17 23 32 8 5 27 17 19 33 28 51 23 57 2 6 29 18 6 34 2 6 29 18 6 34 31 52 4 58 25 63 ]
Fita=[4 7 11 23 33 ]
[63] [4] = 95
Reduce na produção: 5 de tamanho: 6!
[34] [25] = 47

Stack=[0 1 1 8 5 27 17 23 32 8 5 27 17 19 33 28 51 23 57 2 6 29 18 6 34 25 47 ]
Fita=[4 7 11 23 33 ]
[47] [4] = 924
Reduce na produção: 24 de tamanho: 1!
[34] [31] = 52

Stack=[0 1 1 8 5 27 17 23 32 8 5 27 17 19 33 28 51 23 57 2 6 29 18 6 34 31 52 ]
Fita=[4 7 11 23 33 ]
[52] [4] = 58
Shift!

Stack=[0 1 1 8 5 27 17 23 32 8 5 27 17 19 33 28 51 23 57 2 6 29 18 6 34 31 52 4 58 ]
Fita=[7 11 23 33 ]
[58] [7] = 96
Reduce na produção: 6 de tamanho: 0!
[58] [25] = 63

Stack=[0 1 1 8 5 27 17 23 32 8 5 27 17 19 33 28 51 23 57 2 6 29 18 6 34 31 52 4 58 25 63 ]
Fita=[7 11 23 33 ]
[63] [7] = 95
Reduce na produção: 5 de tamanho: 6!
[57] [25] = 62

Stack=[0 1 1 8 5 27 17 23 32 8 5 27 17 19 33 28 51 23 57 25 62 ]
Fita=[7 11 23 33 ]
[62] [7] = 92
Reduce na produção: 2 de tamanho: 6!
[32] [25] = 50

Stack=[0 1 1 8 5 27 17 23 32 25 50 ]
Fita=[7 11 23 33 ]
[50] [7] = 91
Reduce na produção: 1 de tamanho: 4!
[1] [25] = 7

Stack=[0 1 1 25 7 ]
Fita=[7 11 23 33 ]
[7] [7] = 19
Shift!

Stack=[0 1 1 25 7 7 19 ]
Fita=[11 23 33 ]
[19] [11] = 9
Shift!

Stack=[0 1 1 25 7 7 19 11 9 ]
Fita=[23 33 ]
[9] [23] = 98
Reduce na produção: 8 de tamanho: 1!
[19] [26] = 35

Stack=[0 1 1 25 7 7 19 26 35 ]
Fita=[23 33 ]
[35] [23] = 53
Shift!

Stack=[0 1 1 25 7 7 19 26 35 23 53 ]
Fita=[33 ]
[53] [33] = 90
Reduce na produção: 0 de tamanho: 5!
[0] [24] = 2

Stack=[0 24 2 ]
Fita=[33 ]
[2] [33] = 755

*****************ACCEPT****************
